6.31161276025e-05 651.0 4.908618509246332e-07 7.761207327039344e-08
6.318868506000003e-05 652.0 4.817387907896607e-07 7.616959080753364e-08
6.321678438000001e-05 653.0 4.220731363138467e-07 6.673562249612402e-08
6.318789719000003e-05 654.0 4.151379239251671e-07 6.56390691358618e-08
6.32314033425e-05 655.0 5.462643326479012e-07 8.63719747839623e-08
6.302592226500003e-05 656.0 4.5853817381124635e-07 7.250125116888548e-08
6.318127053250001e-05 657.0 4.581180355824885e-07 7.24348214821363e-08
6.3032478855e-05 658.0 3.270742925131753e-07 5.17149864214896e-08
6.326253231999999e-05 659.0 3.958395111013773e-07 6.258772214839292e-08
6.3061312605e-05 660.0 4.013585400690753e-07 6.34603572489116e-08
6.325861856000002e-05 661.0 3.791150384884962e-07 5.994335084230234e-08
6.32223710025e-05 662.0 4.227886715842116e-07 6.684875855615089e-08
6.32051154475e-05 663.0 5.043834922126556e-07 7.975003247908962e-08
6.310540382750002e-05 664.0 4.6408323977271444e-07 7.337800307959101e-08
6.300848960499999e-05 665.0 3.8749356950954295e-07 6.126811291594653e-08
6.32424352625e-05 666.0 4.372953973858778e-07 6.914247330239076e-08
6.329431903999999e-05 667.0 3.6809384116732465e-07 5.820074653844992e-08
6.293077393249999e-05 668.0 4.280107514862529e-07 6.767444188684287e-08
6.315161998249998e-05 669.0 4.444721530650048e-07 7.027721801022024e-08
6.317439159e-05 670.0 4.483142677799238e-07 7.088470968675988e-08
6.297715689749997e-05 671.0 5.149213366422865e-07 8.14162119803972e-08
6.302819866999999e-05 672.0 4.592712525438651e-07 7.261716109385072e-08
6.30953364875e-05 673.0 4.536791194999604e-07 7.173296722397927e-08
6.31981680125e-05 674.0 4.022149009382461e-07 6.359575979119267e-08
6.299072972000001e-05 675.0 4.2300497704438174e-07 6.688295945237432e-08
6.294842142e-05 676.0 4.188865684538429e-07 6.6231781878309e-08
6.287645778749999e-05 677.0 3.1699544166699194e-07 5.012138017793686e-08
6.316412313249999e-05 678.0 4.080544930237433e-07 6.451908037101586e-08
6.30770871275e-05 679.0 4.150721133811658e-07 6.562866357520686e-08
6.320808947000001e-05 680.0 4.599907780289569e-07 7.27309280622221e-08
6.292169798500001e-05 681.0 4.4938207805261725e-07 7.105354531529172e-08
6.30475530025e-05 682.0 4.299152558737543e-07 6.797557047075729e-08
6.29910434325e-05 683.0 5.19414303452785e-07 8.212661240903307e-08
6.294694205250002e-05 684.0 3.9936177439218126e-07 6.314464087427995e-08
6.303129835749999e-05 685.0 3.8921453438235037e-07 6.15402213545072e-08
6.31098197525e-05 686.0 3.5282799087624026e-07 5.578700367150136e-08
6.306283022500001e-05 687.0 4.1536600326655915e-07 6.56751316461633e-08
6.3020849265e-05 688.0 4.554045271571056e-07 7.200577812842295e-08
6.3007549115e-05 689.0 3.712241243862725e-07 5.869568777311385e-08
6.319968339e-05 690.0 4.432979411274707e-07 7.009155880130189e-08
6.298442758999999e-05 691.0 4.5094915603777953e-07 7.130132210050274e-08
6.316252171e-05 692.0 4.1454421167992323e-07 6.554519498737664e-08
6.310139505e-05 693.0 4.35618915464242e-07 6.88773982359675e-08
6.29850484575e-05 694.0 3.934362384791867e-07 6.220773138217055e-08
6.31554511925e-05 695.0 4.6552886360091145e-07 7.360657627643674e-08
6.313566586750002e-05 696.0 4.489408226002302e-07 7.098377670231617e-08
6.31208503475e-05 697.0 4.748548976070428e-07 7.508115172621472e-08
6.294513347000001e-05 698.0 4.2366755533640126e-07 6.698772227892262e-08
6.318276327249999e-05 699.0 4.5304392524488e-07 7.163253419384387e-08
6.298943912749999e-05 700.0 3.4979521230060423e-07 5.530747927460281e-08
6.312377496000002e-05 701.0 4.531537125485532e-07 7.164989309073265e-08
6.295361434750001e-05 702.0 3.668647888114976e-07 5.800641629804946e-08
6.293035612500001e-05 703.0 4.636248108618546e-07 7.330551910441164e-08
6.291315444999999e-05 704.0 4.2441133878219317e-07 6.710532476765416e-08
6.31321973675e-05 705.0 4.465356834862665e-07 7.060349081783194e-08
6.303208791999999e-05 706.0 4.805602320188419e-07 7.598324430392584e-08
6.295218455500002e-05 707.0 4.3830888870771763e-07 6.930272035068219e-08
6.295903490749999e-05 708.0 5.422503182944354e-07 8.57373033880843e-08
6.3086984595e-05 709.0 4.311044472535662e-07 6.81635981374595e-08
6.30983114975e-05 710.0 3.872086672825508e-07 6.122306591855906e-08
6.313275502e-05 711.0 5.146501650637458e-07 8.13733359891526e-08
6.286983048249997e-05 712.0 4.898314427650514e-07 7.74491514351984e-08
6.312335322999998e-05 713.0 4.911760592071042e-07 7.766175396200834e-08
6.308739699e-05 714.0 4.006562213734336e-07 6.334931091283428e-08
6.300841891749999e-05 715.0 4.25378952534494e-07 6.725831793528279e-08
6.314650359250001e-05 716.0 4.1453430318271166e-07 6.554362831640775e-08
6.295915192499998e-05 717.0 4.2486130436909606e-07 6.717647057381954e-08
6.297023784250004e-05 718.0 4.337229355438573e-07 6.857761748864949e-08
6.287809904249998e-05 719.0 4.367139064511552e-07 6.905053151276757e-08
6.290003058999999e-05 720.0 5.118818737425326e-07 8.093563069905708e-08
6.29370540675e-05 721.0 4.298948144550719e-07 6.797233839867521e-08
6.284121913000001e-05 722.0 3.52066036424914e-07 5.566652809452662e-08
6.2921249875e-05 723.0 3.9788279820187373e-07 6.291079420595343e-08
6.291070453e-05 724.0 4.1996954697425196e-07 6.640301581738558e-08
6.315300852999996e-05 725.0 5.105858104279908e-07 8.073070509577012e-08
6.29708514175e-05 726.0 3.828073788179288e-07 6.05271611091775e-08
6.286531359250002e-05 727.0 4.7466336873220003e-07 7.505086835210511e-08
6.29341527125e-05 728.0 4.7136035164106154e-07 7.452861549418202e-08
6.294171981750002e-05 729.0 4.247289924427923e-07 6.715555022138333e-08
6.295925073999999e-05 730.0 3.82921763513099e-07 6.054524691748761e-08
6.2966978995e-05 731.0 5.071637951642769e-07 8.018963697471023e-08
6.309578851999999e-05 732.0 4.0813861862848946e-07 6.453238179704271e-08
6.301393384750001e-05 733.0 4.0966947794723705e-07 6.477443190826951e-08
6.287702142000001e-05 734.0 4.987420162685308e-07 7.885803681166546e-08
6.292238372000001e-05 735.0 4.2171884777119946e-07 6.667960455894068e-08
6.287317176999999e-05 736.0 4.803840374062007e-07 7.595538548955597e-08
6.284532431000001e-05 737.0 4.2468005596349236e-07 6.714781268462045e-08
6.305110091e-05 738.0 4.465408658384345e-07 7.060431021965633e-08
6.290404378499998e-05 739.0 3.983340022730728e-07 6.298213583367992e-08
6.279027099e-05 740.0 4.5102689818162335e-07 7.131361421273929e-08
6.3004597945e-05 741.0 3.768477981101778e-07 5.958486866237294e-08
6.291381438249999e-05 742.0 5.362627959973863e-07 8.479059298809837e-08
6.29360359275e-05 743.0 4.6446062151538106e-07 7.343767237230052e-08
6.276240295e-05 744.0 4.3620552964080244e-07 6.897015008125127e-08
6.281326729000001e-05 745.0 4.6541227453513347e-07 7.358814192653026e-08
6.279966026749998e-05 746.0 3.631039700993519e-07 5.741177864818138e-08
6.272439125749998e-05 747.0 4.361031031294632e-07 6.89539550278204e-08
6.274561063999999e-05 748.0 3.354399183589458e-07 5.303770800775996e-08
6.264039683749999e-05 749.0 5.007163343793866e-07 7.917020391446672e-08
6.263310369500001e-05 750.0 4.5055144589769777e-07 7.123843860594259e-08
6.247696789250001e-05 751.0 4.2427495385115757e-07 6.708376041662428e-08
6.26712609775e-05 752.0 4.5310510220099836e-07 7.164220711992636e-08
6.2470829395e-05 753.0 4.005621026580251e-07 6.333442943727729e-08
6.253558216e-05 754.0 3.9861383118520706e-07 6.30263806695555e-08
6.244838972750002e-05 755.0 5.207055713022894e-07 8.233077978272213e-08
6.248320387750002e-05 756.0 4.4797819619371134e-07 7.083157210329502e-08
6.235447929750001e-05 757.0 4.336859323536005e-07 6.857176677055429e-08
6.24649970275e-05 758.0 3.647341557524448e-07 5.766953363181652e-08
6.253816637750001e-05 759.0 4.7470579957823424e-07 7.50575772579309e-08
6.249856182749999e-05 760.0 3.9390979665873854e-07 6.228260750476989e-08
6.25615194425e-05 761.0 4.185038575730027e-07 6.617126997486978e-08
6.260220715999999e-05 762.0 4.177688264646968e-07 6.605505135220356e-08
6.24835334975e-05 763.0 3.6141218038483256e-07 5.7144283207185026e-08
6.26236311225e-05 764.0 4.78286443780131e-07 7.562372681636439e-08
6.23039715275e-05 765.0 4.41673301870352e-07 6.983468077987094e-08
6.251083817749999e-05 766.0 4.3034207114018514e-07 6.804305588985994e-08
6.234368966999999e-05 767.0 3.7006627478831976e-07 5.8512615677241814e-08
6.277926625500001e-05 768.0 3.984019365643924e-07 6.299287718826988e-08
6.238518805e-05 769.0 3.436845955753862e-07 5.43413059366024e-08
6.245882063249999e-05 770.0 4.00173109788422e-07 6.327292426420175e-08
6.256998711500001e-05 771.0 4.01656038247804e-07 6.350739584113833e-08
6.2514826715e-05 772.0 4.66850338693562e-07 7.381551983463463e-08
6.2372613885e-05 773.0 3.94199642446461e-07 6.232843614774031e-08
6.24246905475e-05 774.0 3.7204932954346926e-07 5.882616416479681e-08
6.253703088e-05 775.0 4.7383011525645833e-07 7.491911940952532e-08
6.245581054e-05 776.0 4.340385548296909e-07 6.862752127948499e-08
6.250299750250001e-05 777.0 4.885796187599191e-07 7.725122068090379e-08
6.2500428695e-05 778.0 2.9459287350626104e-07 4.6579223136682925e-08
6.240914524749999e-05 779.0 4.5751369741268476e-07 7.233926722745843e-08
6.242363591999999e-05 780.0 3.953356159017508e-07 6.250804932175068e-08
6.22942655275e-05 781.0 3.976083737253167e-07 6.286740388637245e-08
6.2434010025e-05 782.0 5.267836304669393e-07 8.329180531839984e-08
6.23118694675e-05 783.0 3.9938289822525957e-07 6.314798084555199e-08
6.235280970249998e-05 784.0 3.8798640475255595e-07 6.134603700990272e-08
6.243988036250001e-05 785.0 5.612579581693659e-07 8.874267513553523e-08
6.231622709749999e-05 786.0 3.9707714058406845e-07 6.278340855162692e-08
6.253509949249998e-05 787.0 4.377659152277458e-07 6.921686870539325e-08
6.2385303295e-05 788.0 4.1656215626539756e-07 6.58642600414818e-08
6.24346570825e-05 789.0 4.2077248186721227e-07 6.652997097111448e-08
6.239304159e-05 790.0 4.3037472311143416e-07 6.804821861982201e-08
6.230554264750001e-05 791.0 4.879152670899468e-07 7.714617745868133e-08
6.2471507585e-05 792.0 3.814263971848396e-07 6.030880874080647e-08
6.23667561125e-05 793.0 4.421640506758534e-07 6.991227497909052e-08
6.251401901750001e-05 794.0 5.852059656014104e-07 9.252918758093025e-08
6.241981868750001e-05 795.0 4.196078659702351e-07 6.634582902943009e-08
6.26802168125e-05 796.0 4.318979735579918e-07 6.828906566272154e-08
6.245902876250001e-05 797.0 3.9715791007023516e-07 6.279617932871333e-08
6.223731227750001e-05 798.0 5.033984077876608e-07 7.959427695556258e-08
6.247588597000003e-05 799.0 4.089211787771094e-07 6.465611542082865e-08
6.244721736e-05 800.0 4.2491470119907515e-07 6.718491335394786e-08
6.272933462749999e-05 801.0 4.2975551512957506e-07 6.795031324142045e-08
6.245508541999998e-05 802.0 4.430332543718109e-07 7.004970815058362e-08
6.23802691475e-05 803.0 3.936786015247018e-07 6.224605234439468e-08
6.27119419125e-05 804.0 4.113633823896208e-07 6.504226171710001e-08
6.249284947e-05 805.0 3.535093912981205e-07 5.589474253808842e-08
6.247795825250002e-05 806.0 4.814606421410016e-07 7.612561164464059e-08
6.247792941999999e-05 807.0 2.3313738723975157e-07 3.686225757091455e-08
6.243449410249998e-05 808.0 3.8041049837997237e-07 6.01481810360253e-08
6.253943692500001e-05 809.0 3.5695499432101663e-07 5.643954021134408e-08
6.221964906500002e-05 810.0 3.75512734499882e-07 5.9373776570885834e-08
6.262694512999999e-05 811.0 3.848101387041292e-07 6.084382525151816e-08
6.24320183325e-05 812.0 4.1433109414677305e-07 6.551149814667309e-08
6.235145142750001e-05 813.0 5.319819914082782e-07 8.411373835211424e-08
6.23993465125e-05 814.0 3.278572189232942e-07 5.183877795630334e-08
6.27066314475e-05 815.0 4.0767851174250724e-07 6.445963251070115e-08
6.247987335249999e-05 816.0 4.1663467513141193e-07 6.587572628097871e-08
6.241759729749999e-05 817.0 3.348406066605878e-07 5.2942948508000204e-08
6.24418496275e-05 818.0 4.2330252975790163e-07 6.693000666730864e-08
6.245205404e-05 819.0 3.6567874137145525e-07 5.781888573187217e-08
6.23515680525e-05 820.0 4.466324910954366e-07 7.061879744482258e-08
6.249931196999999e-05 821.0 4.103928922998351e-07 6.488881376058281e-08
6.239900058000001e-05 822.0 5.017593459700727e-07 7.933511852709287e-08
6.234105851499999e-05 823.0 3.994383200486776e-07 6.315674380525602e-08
6.238632805e-05 824.0 3.7528169688752644e-07 5.93372463168753e-08
6.2382662925e-05 825.0 3.0853272881576046e-07 4.8783307788243404e-08
6.244175893250002e-05 826.0 4.995127495487793e-07 7.897990044336937e-08
6.238316036750002e-05 827.0 3.8003770087492725e-07 6.008923657492676e-08
6.252969758e-05 828.0 3.8597109139290237e-07 6.102738798912915e-08
6.223855165749998e-05 829.0 4.647909755821485e-07 7.348990593656474e-08
6.240689218e-05 830.0 3.4552124844152885e-07 5.463170625300676e-08
6.24846626425e-05 831.0 4.03503754686505e-07 6.379954546195984e-08
6.218328530749998e-05 832.0 4.7514987615903953e-07 7.512779193047513e-08
6.232181440000002e-05 833.0 4.3623303927243734e-07 6.897449973592919e-08
6.22759890675e-05 834.0 4.58689006194939e-07 7.252509986275454e-08
6.252563453e-05 835.0 3.589413447632492e-07 5.6753609792780954e-08
6.247391988749998e-05 836.0 4.3669227455908724e-07 6.904711121031589e-08
6.23730251875e-05 837.0 3.967484232068515e-07 6.27314337707028e-08
6.240333982999999e-05 838.0 4.369193637302603e-07 6.908301716095923e-08
6.237243419999999e-05 839.0 3.74988454679935e-07 5.9290880652771056e-08
6.233217551499998e-05 840.0 4.731505587767804e-07 7.481167209579991e-08
6.231940491750003e-05 841.0 4.982121783599978e-07 7.877426208258224e-08
6.2410588205e-05 842.0 3.7500373698027066e-07 5.9293296996618425e-08
6.239439714000002e-05 843.0 4.380598648601852e-07 6.926334622318713e-08
6.2455714805e-05 844.0 4.596187702583551e-07 7.267210846910294e-08
6.233014241e-05 845.0 4.4831135902877946e-07 7.088424977282175e-08
6.24982413975e-05 846.0 4.1562662384711575e-07 6.571633937814701e-08
6.23480557975e-05 847.0 4.386167465538654e-07 6.935139695015122e-08
6.2313019485e-05 848.0 3.948851152556461e-07 6.243681891529727e-08
6.2286458555e-05 849.0 4.627868466900657e-07 7.317302533538816e-08
6.22613872075e-05 850.0 4.401005045268354e-07 6.958599968470221e-08
6.23508318875e-05 851.0 4.228584969641074e-07 6.685979891809876e-08
6.237582178250001e-05 852.0 4.672873819139278e-07 7.388462243524917e-08
6.23636539675e-05 853.0 4.451472899005726e-07 7.038396651685389e-08
6.225917230249999e-05 854.0 4.975991153656628e-07 7.867732831201918e-08
6.245887954500004e-05 855.0 5.272596108839365e-07 8.336706443036724e-08
6.231681100249997e-05 856.0 4.5809611044079365e-07 7.243135481284742e-08
6.250492334e-05 857.0 4.87843852367232e-07 7.713488579956894e-08
6.21768478425e-05 858.0 4.050929658412095e-07 6.405082180855045e-08
6.23973231725e-05 859.0 4.056436427393933e-07 6.413789147120533e-08
6.231264250499999e-05 860.0 4.695356098513423e-07 7.424009848432179e-08
6.234382830499998e-05 861.0 4.1411022534723726e-07 6.547657572314308e-08
6.227515876249998e-05 862.0 3.774422777942867e-07 5.967886415359702e-08
6.224850492749999e-05 863.0 3.7651410106621206e-07 5.953210652700309e-08
6.247904834500001e-05 864.0 4.133488763172608e-07 6.53561958716888e-08
6.230557689000001e-05 865.0 5.530198386497934e-07 8.744011406960816e-08
6.248819020000001e-05 866.0 4.3396726298544965e-07 6.861624904916517e-08
6.251247752749999e-05 867.0 4.575630149248718e-07 7.234706501081063e-08
6.247030097e-05 868.0 4.2216399118667763e-07 6.674998791285756e-08
6.252753058750001e-05 869.0 4.82076085141503e-07 7.622292172722021e-08
6.2417711695e-05 870.0 4.01620975142784e-07 6.350185187745329e-08
6.23270420725e-05 871.0 5.079851712470455e-07 8.031950793656702e-08
6.242208571250002e-05 872.0 4.096205747675179e-07 6.476669963663266e-08
6.238110604000002e-05 873.0 4.621642363311049e-07 7.307458199393161e-08
6.243110666999998e-05 874.0 4.023982799265611e-07 6.362475455509731e-08
6.250623644e-05 875.0 3.874766151639917e-07 6.126543219853755e-08
6.24266828725e-05 876.0 3.611187033522325e-07 5.7097880413986844e-08
6.231764643999999e-05 877.0 4.518102823722913e-07 7.14374781290132e-08
6.254081531749999e-05 878.0 4.2820900884533035e-07 6.77057891277216e-08
6.238831523249999e-05 879.0 3.8982769869375233e-07 6.163717114470515e-08
6.2675161045e-05 880.0 5.005783105689329e-07 7.914838043384827e-08
6.243921313250001e-05 881.0 3.7895925778893846e-07 5.99187197509975e-08
6.24441032125e-05 882.0 4.342649645549914e-07 6.866331980030312e-08
6.263803956499999e-05 883.0 4.301623813831613e-07 6.801464444464007e-08
6.263718137499997e-05 884.0 4.474264268834864e-07 7.074432971513049e-08
6.27352445075e-05 885.0 4.794323105106264e-07 7.580490425453318e-08
6.306969074000002e-05 886.0 4.948432806526767e-07 7.824159258461954e-08
6.3416359705e-05 887.0 4.27893092297429e-07 6.76558383356263e-08
6.366922310000001e-05 888.0 4.996034079935284e-07 7.899423480209616e-08
6.401668200499999e-05 889.0 4.941858118453809e-07 7.81376376385411e-08
6.442587586500001e-05 890.0 4.113729777771417e-07 6.504377888107991e-08
6.499179333999999e-05 891.0 3.8841738320429425e-07 6.141418068640002e-08
6.55650993875e-05 892.0 3.880748169130369e-07 6.136001619990152e-08
6.606599833250001e-05 893.0 4.438619767992067e-07 7.018074067151534e-08
6.69140681675e-05 894.0 3.887894416763666e-07 6.147300829612556e-08
6.752088092750002e-05 895.0 4.259692569781766e-07 6.735165326303056e-08
6.790314435999999e-05 896.0 5.441720904855803e-07 8.604116225148382e-08
6.842254101749998e-05 897.0 5.109866754945778e-07 8.079408742801062e-08
6.913781843750001e-05 898.0 5.787499867115704e-07 9.150840769003727e-08
6.97002949675e-05 899.0 4.190669694328669e-07 6.6260305777601e-08
7.054527769249999e-05 900.0 3.9917366712714823e-07 6.311489850418349e-08
7.0695386255e-05 901.0 4.68749511961959e-07 7.411580549460667e-08
7.131915547749997e-05 902.0 3.7348043373677887e-07 5.905244160579062e-08
7.19064986925e-05 903.0 4.416726685490481e-07 6.98345806429804e-08
7.211228039500001e-05 904.0 4.350847443451083e-07 6.879293836613032e-08
7.25296016225e-05 905.0 3.9095946288496563e-07 6.181611877562777e-08
7.2988787435e-05 906.0 3.608649302108974e-07 5.70577553572071e-08
7.347280392499999e-05 907.0 3.6179896525302206e-07 5.7205439264583367e-08
7.365333180750001e-05 908.0 3.938187475093638e-07 6.226821137021764e-08
7.4054870175e-05 909.0 4.6197109201138946e-07 7.304404319556039e-08
7.435240706750001e-05 910.0 4.7223346074547485e-07 7.466666616497082e-08
7.468720133500001e-05 911.0 4.249121846243052e-07 6.718451544853911e-08
7.494063635749998e-05 912.0 4.0443998814867794e-07 6.394757697006641e-08
7.517107516e-05 913.0 4.460551874887048e-07 7.052751772988745e-08
7.552865763749998e-05 914.0 3.800950983995437e-07 6.009831192041895e-08
7.553006266500001e-05 915.0 4.813289993841172e-07 7.610479709717966e-08
7.59952821475e-05 916.0 4.265259557067247e-07 6.743967506066715e-08
7.605774660499999e-05 917.0 4.5852117668150173e-07 7.249856368670156e-08
7.609650829999999e-05 918.0 5.588423809060937e-07 8.836073883473241e-08
7.648618363250002e-05 919.0 3.095754095685772e-07 4.8948170090809394e-08
7.674428793999999e-05 920.0 4.932224057500204e-07 7.798530975988967e-08
7.69465170525e-05 921.0 4.1012791130889325e-07 6.484691658718157e-08
7.7050582005e-05 922.0 4.389886430372566e-07 6.941019894721737e-08
7.704715546749998e-05 923.0 3.6867864869597014e-07 5.8293212727616614e-08
7.74627401475e-05 924.0 4.976848232415347e-07 7.86908799170777e-08
7.755263293999999e-05 925.0 4.5927011385590905e-07 7.261698105147646e-08
7.776089878500003e-05 926.0 3.3110610671951475e-07 5.2352472221222436e-08
7.773386794750004e-05 927.0 4.2648963512653783e-07 6.74339322727007e-08
7.79026408075e-05 928.0 4.862454137095863e-07 7.68821504566578e-08
7.817392356000001e-05 929.0 3.4312161025866166e-07 5.4252290142098355e-08
7.832358617500001e-05 930.0 3.942584415663938e-07 6.233773310491037e-08
7.83358683075e-05 931.0 4.3285951234642795e-07 6.84410982942244e-08
7.840913117499997e-05 932.0 4.3524117672511346e-07 6.881767249716119e-08
7.861017791999999e-05 933.0 4.00266581435204e-07 6.328770342922565e-08
7.864825325e-05 934.0 3.714569075880677e-07 5.873249402904883e-08
7.86294506575e-05 935.0 4.0696085569939184e-07 6.434616112705971e-08
7.875260963750001e-05 936.0 4.569577497213414e-07 7.225136417923056e-08
7.896175111000002e-05 937.0 5.033768893306028e-07 7.959087458876079e-08
7.895272164999998e-05 938.0 4.0745313546119907e-07 6.442399739172551e-08
7.913080751999997e-05 939.0 4.56074306899359e-07 7.211167960423101e-08
7.950454108499998e-05 940.0 4.301347515054741e-07 6.801027577739189e-08
7.939967647250001e-05 941.0 4.1821908260587324e-07 6.612624309903335e-08
7.928546036249999e-05 942.0 4.127452232242148e-07 6.526074993715726e-08
7.935587835000002e-05 943.0 4.994085299568963e-07 7.896342187901119e-08
7.9449336e-05 944.0 4.126360633831023e-07 6.524349025081039e-08
7.95658050125e-05 945.0 3.80132802287935e-07 6.0104273428617e-08
7.9646640435e-05 946.0 4.30159561508916e-07 6.801419858337354e-08
7.974531175500002e-05 947.0 4.679791789354527e-07 7.399400514857613e-08
7.987166774e-05 948.0 4.943904192172342e-07 7.816998890459696e-08
7.968677622499999e-05 949.0 3.9722928662738187e-07 6.280746495331957e-08
7.99122983575e-05 950.0 4.2438512525100964e-07 6.710118004445137e-08
7.991923188e-05 951.0 4.4212813358346213e-07 6.990659598814617e-08
7.9945887545e-05 952.0 3.7415632378562127e-07 5.915930920589984e-08
7.98953363325e-05 953.0 3.56808128207378e-07 5.641631863983431e-08
8.00495645725e-05 954.0 4.476393437511455e-07 7.077799482783405e-08
8.018526942499999e-05 955.0 4.664561658165616e-07 7.375319563047549e-08
8.011156187e-05 956.0 5.076752674252849e-07 8.027050783994929e-08
8.0246109025e-05 957.0 4.558119114892464e-07 7.207019124705452e-08
8.009892655750001e-05 958.0 4.284666491865124e-07 6.774652564248552e-08
8.023587328e-05 959.0 4.16040974279386e-07 6.578185393391948e-08
8.037268601500002e-05 960.0 5.140422498160393e-07 8.12772161487977e-08
8.031992497499998e-05 961.0 3.9069786108664675e-07 6.177475589949358e-08
8.03099704475e-05 962.0 4.3994114420520265e-07 6.956080260545139e-08
8.039332918250001e-05 963.0 3.833520123867416e-07 6.061327523755924e-08
8.041260308999998e-05 964.0 4.434860484524762e-07 7.012130118088084e-08
8.049299984749997e-05 965.0 5.267476393958465e-07 8.328611463039573e-08
8.061562709e-05 966.0 4.63074881792203e-07 7.321856768382982e-08
8.047808452249997e-05 967.0 5.176404750156371e-07 8.184614550704485e-08
8.047757155e-05 968.0 4.272834923293308e-07 6.755945211758849e-08
8.06449367725e-05 969.0 4.2203185746671795e-07 6.672909573731839e-08
8.049071482500002e-05 970.0 3.7973728102946904e-07 6.004173602662858e-08
8.070834187e-05 971.0 4.75516024362742e-07 7.518568504471908e-08
8.055646815000001e-05 972.0 5.11083503542951e-07 8.080939728672304e-08
8.063790333999999e-05 973.0 4.144038231591292e-07 6.55229976132241e-08
8.070428296750001e-05 974.0 4.489482033458649e-07 7.098494370066796e-08
8.0791442445e-05 975.0 4.4222641346332667e-07 6.992213540157314e-08
8.0770455965e-05 976.0 4.2912292928897117e-07 6.785029263782643e-08
8.06788674525e-05 977.0 5.007412761933102e-07 7.917414756151546e-08
8.063713034000002e-05 978.0 4.5274621536689397e-07 7.158546212902552e-08
8.072726118000002e-05 979.0 4.4577226355014494e-07 7.048278352736572e-08
8.070443426999998e-05 980.0 3.932750694359083e-07 6.218224831891704e-08
8.057125927500001e-05 981.0 4.3420308003253407e-07 6.865353499815926e-08
8.067872148250001e-05 982.0 3.964356780147422e-07 6.26819844139862e-08
8.07470227575e-05 983.0 4.0312403140125987e-07 6.373950593886101e-08
8.053047003000002e-05 984.0 5.136150297535118e-07 8.120966672581238e-08
8.070163277749999e-05 985.0 5.024719347467837e-07 7.944778870556689e-08
8.054998619499998e-05 986.0 3.634959403204282e-07 5.7473754581859426e-08
8.061031513249999e-05 987.0 4.3396803829092055e-07 6.861637163572368e-08
8.051612979499997e-05 988.0 3.872484995945137e-07 6.122936396007272e-08
8.059020257e-05 989.0 4.443317194077876e-07 7.025501349937257e-08
8.047771716500002e-05 990.0 3.851396767403992e-07 6.089592979003177e-08
8.026056691250002e-05 991.0 4.210033132083683e-07 6.65664686107847e-08
8.045115622999999e-05 992.0 4.661823526585394e-07 7.37099019688418e-08
8.026601068750002e-05 993.0 5.393892040474851e-07 8.528492150476827e-08
8.02570265525e-05 994.0 4.171035075821259e-07 6.594985520024144e-08
8.016192735500001e-05 995.0 3.8704703587746944e-07 6.119750974948553e-08
7.994393184999999e-05 996.0 4.794162218866526e-07 7.580236041972441e-08
8.019833026749999e-05 997.0 4.1021265987015713e-07 6.486031651128238e-08
7.98244665475e-05 998.0 4.841343376303229e-07 7.654836002043929e-08
7.977260984250001e-05 999.0 4.617833368458162e-07 7.301435649727671e-08
7.956616987250001e-05 1000.0 4.918859610129722e-07 7.777399929308882e-08
