1.5249E-05	351	4.36602E-07	1.1273E-07
1.51406E-05	352	4.10783E-07	1.06064E-07
1.51596E-05	353	4.44139E-07	1.14676E-07
1.51023E-05	354	4.17304E-07	1.07747E-07
1.50942E-05	355	4.00314E-07	1.03361E-07
1.50625E-05	356	4.12005E-07	1.06379E-07
1.53846E-05	357	4.08487E-07	1.05471E-07
1.53894E-05	358	3.18538E-07	8.22462E-08
1.53271E-05	359	4.8135E-07	1.24284E-07
1.52721E-05	360	4.87172E-07	1.25787E-07
1.52443E-05	361	4.0165E-07	1.03706E-07
1.5434E-05	362	4.08777E-07	1.05546E-07
1.53844E-05	363	2.89721E-07	7.48057E-08
1.54171E-05	364	4.35907E-07	1.12551E-07
1.56526E-05	365	5.66225E-07	1.46199E-07
1.57008E-05	366	3.94703E-07	1.01912E-07
1.54141E-05	367	4.08825E-07	1.05558E-07
1.5909E-05	368	4.52297E-07	1.16782E-07
1.56929E-05	369	5.63384E-07	1.45465E-07
1.55567E-05	370	4.22477E-07	1.09083E-07
1.59243E-05	371	3.2232E-07	8.32227E-08
1.56788E-05	372	3.78216E-07	9.76549E-08
1.59158E-05	373	4.2733E-07	1.10336E-07
1.57323E-05	374	4.30929E-07	1.11266E-07
1.56009E-05	375	4.88558E-07	1.26145E-07
1.57863E-05	376	4.19837E-07	1.08401E-07
1.58007E-05	377	2.42791E-07	6.26885E-08
1.56314E-05	378	4.07665E-07	1.05259E-07
1.56346E-05	379	5.42564E-07	1.40089E-07
1.57839E-05	380	4.52803E-07	1.16913E-07
1.55134E-05	381	4.24404E-07	1.09581E-07
1.57774E-05	382	5.20746E-07	1.34456E-07
1.58445E-05	383	3.69947E-07	9.55198E-08
1.57925E-05	384	3.97422E-07	1.02614E-07
1.57904E-05	385	3.41759E-07	8.82419E-08
1.61505E-05	386	3.98833E-07	1.02978E-07
1.58793E-05	387	5.23392E-07	1.35139E-07
1.59779E-05	388	3.63829E-07	9.39403E-08
1.59444E-05	389	4.54867E-07	1.17446E-07
1.59735E-05	390	3.87868E-07	1.00147E-07
1.61398E-05	391	2.22671E-07	5.74933E-08
1.5973E-05	392	2.95332E-07	7.62544E-08
1.61754E-05	393	4.5E-07	1.16189E-07
1.59416E-05	394	4.58589E-07	1.18407E-07
1.57473E-05	395	4.72832E-07	1.22085E-07
1.62182E-05	396	4.04829E-07	1.04526E-07
1.58874E-05	397	3.57938E-07	9.24193E-08
1.59995E-05	398	4.21137E-07	1.08737E-07
1.61089E-05	399	5.03566E-07	1.3002E-07
1.58943E-05	400	3.85573E-07	9.95545E-08
1.64226E-05	401	4.94282E-07	1.27623E-07
1.64429E-05	402	4.79841E-07	1.23894E-07
1.65717E-05	403	4.41031E-07	1.13874E-07
1.62074E-05	404	4.84815E-07	1.25179E-07
1.6521E-05	405	4.63654E-07	1.19715E-07
1.64297E-05	406	4.50403E-07	1.16294E-07
1.65552E-05	407	5.10585E-07	1.31832E-07
1.65974E-05	408	3.87492E-07	1.0005E-07
1.65914E-05	409	3.42596E-07	8.84578E-08
1.63846E-05	410	4.88685E-07	1.26178E-07
1.68002E-05	411	4.08592E-07	1.05498E-07
1.66785E-05	412	3.72127E-07	9.60828E-08
1.65513E-05	413	3.92934E-07	1.01455E-07
1.66072E-05	414	4.71458E-07	1.2173E-07
1.66022E-05	415	4.23201E-07	1.0927E-07
1.66722E-05	416	3.4998E-07	9.03645E-08
1.67681E-05	417	5.02501E-07	1.29745E-07
1.67364E-05	418	3.82662E-07	9.88028E-08
1.6863E-05	419	3.88341E-07	1.00269E-07
1.66444E-05	420	5.82534E-07	1.5041E-07
1.68098E-05	421	3.44373E-07	8.89167E-08
1.68426E-05	422	4.60193E-07	1.18821E-07
1.67677E-05	423	4.38489E-07	1.13217E-07
1.67103E-05	424	5.41937E-07	1.39927E-07
1.70701E-05	425	3.06052E-07	7.90223E-08
1.72259E-05	426	4.67815E-07	1.20789E-07
1.68189E-05	427	4.34854E-07	1.12279E-07
1.68496E-05	428	4.99512E-07	1.28974E-07
1.66812E-05	429	4.04849E-07	1.04532E-07
1.6853E-05	430	4.11673E-07	1.06293E-07
1.68249E-05	431	4.82748E-07	1.24645E-07
1.71328E-05	432	4.2286E-07	1.09182E-07
1.7016E-05	433	3.00237E-07	7.75208E-08
1.7008E-05	434	2.14206E-07	5.53079E-08
1.70829E-05	435	4.19117E-07	1.08215E-07
1.69957E-05	436	3.46713E-07	8.9521E-08
1.70514E-05	437	6.5587E-07	1.69345E-07
1.70683E-05	438	6.20317E-07	1.60165E-07
1.72091E-05	439	3.38474E-07	8.73937E-08
1.72116E-05	440	4.5779E-07	1.18201E-07
1.73688E-05	441	3.66072E-07	9.45193E-08
1.69148E-05	442	3.28049E-07	8.47019E-08
1.73156E-05	443	4.38552E-07	1.13234E-07
1.72399E-05	444	3.59069E-07	9.27113E-08
1.72078E-05	445	4.00345E-07	1.03369E-07
1.72752E-05	446	4.67105E-07	1.20606E-07
1.72943E-05	447	4.27364E-07	1.10345E-07
1.72929E-05	448	3.88803E-07	1.00389E-07
1.7635E-05	449	4.65535E-07	1.20201E-07
1.73723E-05	450	4.94175E-07	1.27595E-07
1.75816E-05	451	4.04827E-07	1.04526E-07
1.74778E-05	452	3.68778E-07	9.52181E-08
1.7516E-05	453	4.54989E-07	1.17478E-07
1.75399E-05	454	4.35898E-07	1.12548E-07
1.73169E-05	455	4.62343E-07	1.19377E-07
1.75086E-05	456	4.11855E-07	1.0634E-07
1.75481E-05	457	4.17417E-07	1.07777E-07
1.75715E-05	458	3.34816E-07	8.64492E-08
1.74809E-05	459	7.19351E-07	1.85736E-07
1.77083E-05	460	5.04221E-07	1.30189E-07
1.77741E-05	461	3.4326E-07	8.86294E-08
1.78936E-05	462	4.36382E-07	1.12673E-07
1.76289E-05	463	3.84688E-07	9.93259E-08
1.78581E-05	464	4.82088E-07	1.24475E-07
1.79223E-05	465	4.55151E-07	1.1752E-07
1.82132E-05	466	4.95375E-07	1.27905E-07
1.82212E-05	467	3.66832E-07	9.47156E-08
1.79493E-05	468	3.13476E-07	8.09391E-08
1.80296E-05	469	5.80815E-07	1.49966E-07
1.79108E-05	470	3.7131E-07	9.58719E-08
1.79719E-05	471	3.81191E-07	9.84231E-08
1.79159E-05	472	3.7739E-07	9.74416E-08
1.81495E-05	473	3.25491E-07	8.40415E-08
1.79184E-05	474	3.95958E-07	1.02236E-07
1.82588E-05	475	4.50708E-07	1.16372E-07
1.82308E-05	476	4.24147E-07	1.09514E-07
1.80944E-05	477	3.47809E-07	8.98039E-08
1.84573E-05	478	4.4622E-07	1.15213E-07
1.8456E-05	479	4.38477E-07	1.13214E-07
1.82996E-05	480	4.7637E-07	1.22998E-07
1.83895E-05	481	3.91457E-07	1.01074E-07
1.86662E-05	482	4.69725E-07	1.21282E-07
1.85185E-05	483	4.99497E-07	1.28969E-07
1.83929E-05	484	4.18446E-07	1.08042E-07
1.84573E-05	485	4.48278E-07	1.15745E-07
1.87242E-05	486	3.33223E-07	8.60378E-08
1.86586E-05	487	5.00588E-07	1.29251E-07
1.8524E-05	488	3.98169E-07	1.02807E-07
1.85287E-05	489	2.60689E-07	6.73096E-08
1.8821E-05	490	2.7903E-07	7.20453E-08
1.89633E-05	491	4.79923E-07	1.23916E-07
1.88096E-05	492	3.60555E-07	9.30949E-08
1.85079E-05	493	5.03799E-07	1.3008E-07
1.86657E-05	494	3.96053E-07	1.0226E-07
1.90025E-05	495	4.61006E-07	1.19031E-07
1.89225E-05	496	4.08938E-07	1.05587E-07
1.909E-05	497	3.1504E-07	8.1343E-08
1.9054E-05	498	4.07649E-07	1.05255E-07
1.90601E-05	499	4.41876E-07	1.14092E-07
1.88156E-05	500	3.2563E-07	8.40772E-08
1.93261E-05	501	3.34475E-07	8.6361E-08
1.92887E-05	502	4.79167E-07	1.2372E-07
1.96149E-05	503	3.51901E-07	9.08604E-08
1.93423E-05	504	4.83814E-07	1.2492E-07
1.95353E-05	505	4.96828E-07	1.28281E-07
1.96284E-05	506	3.26637E-07	8.43374E-08
1.93814E-05	507	4.32669E-07	1.11715E-07
1.96405E-05	508	3.05619E-07	7.89104E-08
1.93953E-05	509	3.85378E-07	9.95042E-08
1.98201E-05	510	3.99855E-07	1.03242E-07
1.95353E-05	511	2.9553E-07	7.63056E-08
1.96409E-05	512	2.50708E-07	6.47326E-08
1.97178E-05	513	4.7995E-07	1.23923E-07
1.9805E-05	514	5.73471E-07	1.4807E-07
1.98025E-05	515	4.95194E-07	1.27858E-07
1.9899E-05	516	3.2519E-07	8.39638E-08
1.98292E-05	517	4.50078E-07	1.1621E-07
1.99938E-05	518	4.68633E-07	1.21001E-07
2.01309E-05	519	3.52497E-07	9.10142E-08
2.01349E-05	520	4.60166E-07	1.18814E-07
1.99844E-05	521	2.47265E-07	6.38435E-08
2.0274E-05	522	4.39194E-07	1.134E-07
2.02504E-05	523	4.90017E-07	1.26522E-07
2.03024E-05	524	4.74381E-07	1.22485E-07
2.01907E-05	525	3.57987E-07	9.24318E-08
2.02722E-05	526	3.64959E-07	9.42321E-08
2.04629E-05	527	3.43324E-07	8.86459E-08
2.04656E-05	528	3.43799E-07	8.87684E-08
2.05334E-05	529	3.87984E-07	1.00177E-07
2.03283E-05	530	4.74163E-07	1.22428E-07
2.04133E-05	531	4.07002E-07	1.05088E-07
2.05546E-05	532	3.92605E-07	1.0137E-07
2.05877E-05	533	3.45973E-07	8.93298E-08
2.06618E-05	534	4.86792E-07	1.25689E-07
2.06622E-05	535	5.24163E-07	1.35338E-07
2.08099E-05	536	4.0674E-07	1.0502E-07
2.09399E-05	537	3.47027E-07	8.9602E-08
2.08934E-05	538	2.9386E-07	7.58743E-08
2.11093E-05	539	4.86784E-07	1.25687E-07
2.10758E-05	540	3.46969E-07	8.95871E-08
2.11903E-05	541	4.67055E-07	1.20593E-07
2.127E-05	542	2.32996E-07	6.01592E-08
2.10491E-05	543	3.81661E-07	9.85444E-08
2.15401E-05	544	3.32464E-07	8.58419E-08
2.13474E-05	545	4.70674E-07	1.21527E-07
2.11824E-05	546	3.55398E-07	9.17634E-08
2.1354E-05	547	3.88006E-07	1.00183E-07
2.13098E-05	548	4.43825E-07	1.14595E-07
2.1256E-05	549	5.19812E-07	1.34215E-07
2.13987E-05	550	4.40691E-07	1.13786E-07
2.17025E-05	551	4.40278E-07	1.13679E-07
2.15738E-05	552	4.35502E-07	1.12446E-07
2.17811E-05	553	3.83234E-07	9.89506E-08
2.17962E-05	554	4.74781E-07	1.22588E-07
2.17504E-05	555	2.33561E-07	6.03051E-08
2.18623E-05	556	4.05414E-07	1.04677E-07
2.1914E-05	557	4.90061E-07	1.26533E-07
2.19393E-05	558	3.99864E-07	1.03245E-07
2.19679E-05	559	5.34557E-07	1.38022E-07
2.18237E-05	560	3.04421E-07	7.86013E-08
2.19254E-05	561	3.93112E-07	1.01501E-07
2.20762E-05	562	3.82617E-07	9.87912E-08
2.20997E-05	563	2.80431E-07	7.2407E-08
2.21549E-05	564	3.65389E-07	9.4343E-08
2.21885E-05	565	4.47991E-07	1.15671E-07
2.22367E-05	566	4.90618E-07	1.26677E-07
2.22791E-05	567	5.08826E-07	1.31378E-07
2.24053E-05	568	4.70631E-07	1.21516E-07
2.2207E-05	569	3.43681E-07	8.8738E-08
2.24132E-05	570	3.5226E-07	9.09532E-08
2.25357E-05	571	4.27488E-07	1.10377E-07
2.25785E-05	572	4.0078E-07	1.03481E-07
2.25621E-05	573	3.80147E-07	9.81536E-08
2.26182E-05	574	5.95122E-07	1.5366E-07
2.24206E-05	575	3.77254E-07	9.74065E-08
2.27713E-05	576	3.53419E-07	9.12524E-08
2.27404E-05	577	4.81209E-07	1.24248E-07
2.25296E-05	578	3.37254E-07	8.70786E-08
2.25348E-05	579	5.51847E-07	1.42486E-07
2.29784E-05	580	4.32831E-07	1.11757E-07
2.30035E-05	581	3.16949E-07	8.18359E-08
2.28977E-05	582	4.59723E-07	1.187E-07
2.30313E-05	583	4.9146E-07	1.26894E-07
2.31816E-05	584	4.4526E-07	1.14966E-07
2.32957E-05	585	4.09589E-07	1.05755E-07
2.33725E-05	586	4.60188E-07	1.1882E-07
2.33045E-05	587	4.48947E-07	1.15918E-07
2.30169E-05	588	3.8834E-07	1.00269E-07
2.35422E-05	589	4.47411E-07	1.15521E-07
2.34338E-05	590	4.96276E-07	1.28138E-07
2.32264E-05	591	5.71687E-07	1.47609E-07
2.33501E-05	592	4.77675E-07	1.23335E-07
2.33614E-05	593	4.40581E-07	1.13758E-07
2.34356E-05	594	3.34425E-07	8.63483E-08
2.34408E-05	595	4.44351E-07	1.14731E-07
2.35599E-05	596	3.2745E-07	8.45472E-08
2.37788E-05	597	4.30575E-07	1.11174E-07
2.35794E-05	598	3.03167E-07	7.82773E-08
2.3755E-05	599	4.80528E-07	1.24072E-07
2.39737E-05	600	4.41324E-07	1.13949E-07
2.38927E-05	601	4.08706E-07	1.05527E-07
2.39459E-05	602	4.8632E-07	1.25567E-07
2.39332E-05	603	5.01107E-07	1.29385E-07
2.40064E-05	604	4.55911E-07	1.17716E-07
2.41227E-05	605	4.5028E-07	1.16262E-07
2.42897E-05	606	3.81308E-07	9.84532E-08
2.42621E-05	607	3.72981E-07	9.63033E-08
2.4321E-05	608	4.99528E-07	1.28978E-07
2.42965E-05	609	4.09782E-07	1.05805E-07
2.44402E-05	610	3.97676E-07	1.0268E-07
2.45512E-05	611	3.42587E-07	8.84556E-08
2.44466E-05	612	3.59265E-07	9.27618E-08
2.45498E-05	613	4.32549E-07	1.11684E-07
2.45875E-05	614	4.61194E-07	1.1908E-07
2.48706E-05	615	3.92873E-07	1.01439E-07
2.47569E-05	616	5.29318E-07	1.36669E-07
2.45941E-05	617	6.5858E-07	1.70044E-07
2.46604E-05	618	4.21384E-07	1.08801E-07
2.49772E-05	619	5.34085E-07	1.379E-07
2.50386E-05	620	5.39674E-07	1.39343E-07
2.47957E-05	621	4.4409E-07	1.14664E-07
2.49949E-05	622	3.95095E-07	1.02013E-07
2.5122E-05	623	3.74449E-07	9.66824E-08
2.51762E-05	624	4.12072E-07	1.06397E-07
2.50683E-05	625	4.52197E-07	1.16757E-07
2.54461E-05	626	4.53899E-07	1.17196E-07
2.54097E-05	627	3.19627E-07	8.25273E-08
2.51689E-05	628	3.28358E-07	8.47817E-08
2.56357E-05	629	3.64659E-07	9.41545E-08
2.52736E-05	630	5.25107E-07	1.35582E-07
2.55019E-05	631	5.13335E-07	1.32542E-07
2.5584E-05	632	3.51589E-07	9.07798E-08
2.58673E-05	633	3.79461E-07	9.79763E-08
2.57213E-05	634	2.99025E-07	7.7208E-08
2.59186E-05	635	3.35155E-07	8.65366E-08
2.57552E-05	636	6.2874E-07	1.6234E-07
2.58664E-05	637	5.78149E-07	1.49277E-07
2.57818E-05	638	3.76353E-07	9.7174E-08
2.58885E-05	639	3.28893E-07	8.49199E-08
2.60611E-05	640	3.94295E-07	1.01806E-07
2.63672E-05	641	5.59442E-07	1.44447E-07
2.60661E-05	642	4.0464E-07	1.04478E-07
2.62104E-05	643	4.19937E-07	1.08427E-07
2.64426E-05	644	3.03565E-07	7.83802E-08
2.62083E-05	645	5.44007E-07	1.40462E-07
2.62243E-05	646	4.85744E-07	1.25418E-07
2.65565E-05	647	5.44361E-07	1.40553E-07
2.64475E-05	648	5.90847E-07	1.52556E-07
2.64458E-05	649	4.47259E-07	1.15482E-07
2.64878E-05	650	3.34151E-07	8.62774E-08
2.65459E-05	651	4.56368E-07	1.17834E-07
2.68561E-05	652	2.92633E-07	7.55575E-08
2.69275E-05	653	4.52698E-07	1.16886E-07
2.67362E-05	654	4.63392E-07	1.19647E-07
2.67879E-05	655	4.29073E-07	1.10786E-07
2.68716E-05	656	4.7316E-07	1.22169E-07
2.6809E-05	657	4.98611E-07	1.28741E-07
2.70663E-05	658	3.44848E-07	8.90394E-08
2.70491E-05	659	4.65404E-07	1.20167E-07
2.72122E-05	660	6.01537E-07	1.55316E-07
2.71491E-05	661	2.73131E-07	7.05222E-08
2.73802E-05	662	4.77532E-07	1.23298E-07
2.73385E-05	663	3.82706E-07	9.88144E-08
2.74489E-05	664	3.33511E-07	8.61122E-08
2.73889E-05	665	5.0432E-07	1.30215E-07
2.73053E-05	666	4.38932E-07	1.13332E-07
2.73547E-05	667	3.87074E-07	9.99421E-08
2.74844E-05	668	3.92257E-07	1.0128E-07
2.7542E-05	669	3.74282E-07	9.66391E-08
2.75876E-05	670	4.81391E-07	1.24295E-07
2.78138E-05	671	3.5191E-07	9.08629E-08
2.75524E-05	672	4.46797E-07	1.15362E-07
2.74978E-05	673	3.71726E-07	9.59792E-08
2.76463E-05	674	4.20127E-07	1.08476E-07
2.76741E-05	675	3.65002E-07	9.42431E-08
2.78641E-05	676	4.26384E-07	1.10092E-07
2.81135E-05	677	3.75087E-07	9.68471E-08
2.78146E-05	678	2.58147E-07	6.66532E-08
2.79998E-05	679	4.40191E-07	1.13657E-07
2.82528E-05	680	3.01525E-07	7.78534E-08
2.82466E-05	681	2.57217E-07	6.64131E-08
2.83085E-05	682	5.31537E-07	1.37242E-07
2.82098E-05	683	4.17942E-07	1.07912E-07
2.84299E-05	684	3.0821E-07	7.95794E-08
2.83963E-05	685	5.23668E-07	1.3521E-07
2.84436E-05	686	4.75346E-07	1.22734E-07
2.86277E-05	687	3.85752E-07	9.96007E-08
2.89374E-05	688	3.06169E-07	7.90524E-08
2.895E-05	689	3.89663E-07	1.0061E-07
2.87334E-05	690	3.74922E-07	9.68045E-08
2.91221E-05	691	3.63916E-07	9.39628E-08
2.9026E-05	692	4.42654E-07	1.14293E-07
2.93649E-05	693	3.89451E-07	1.00556E-07
2.93303E-05	694	5.62237E-07	1.45169E-07
2.94657E-05	695	2.19172E-07	5.65901E-08
2.93931E-05	696	4.27818E-07	1.10462E-07
2.95904E-05	697	4.75041E-07	1.22655E-07
2.96634E-05	698	4.17203E-07	1.07721E-07
2.97556E-05	699	3.94422E-07	1.01839E-07
2.97406E-05	700	5.9636E-07	1.5398E-07
2.90077E-05	701	4.25353E-07	1.09826E-07
2.88545E-05	702	3.84E-07	9.91485E-08
2.90927E-05	703	4.37268E-07	1.12902E-07
2.90825E-05	704	4.16117E-07	1.07441E-07
2.91904E-05	705	5.3678E-07	1.38596E-07
2.91484E-05	706	3.74858E-07	9.67879E-08
2.89586E-05	707	3.03115E-07	7.8264E-08
2.91065E-05	708	2.88856E-07	7.45822E-08
2.91444E-05	709	2.37366E-07	6.12877E-08
2.92605E-05	710	3.67117E-07	9.47893E-08
2.92403E-05	711	3.98892E-07	1.02994E-07
2.9308E-05	712	5.19728E-07	1.34193E-07
2.93478E-05	713	3.29801E-07	8.51542E-08
2.96124E-05	714	3.52348E-07	9.09759E-08
2.94964E-05	715	4.32942E-07	1.11785E-07
2.96073E-05	716	4.28436E-07	1.10622E-07
2.95675E-05	717	4.56227E-07	1.17797E-07
2.95625E-05	718	3.75841E-07	9.70418E-08
2.94688E-05	719	4.82171E-07	1.24496E-07
2.97262E-05	720	3.83256E-07	9.89563E-08
2.93717E-05	721	3.68692E-07	9.51959E-08
2.93871E-05	722	3.67718E-07	9.49443E-08
2.9498E-05	723	4.079E-07	1.05319E-07
2.95766E-05	724	3.73292E-07	9.63837E-08
2.95135E-05	725	4.81273E-07	1.24264E-07
2.97491E-05	726	4.20675E-07	1.08618E-07
2.96931E-05	727	5.05255E-07	1.30456E-07
2.95405E-05	728	3.10684E-07	8.02181E-08
2.94841E-05	729	6.04963E-07	1.56201E-07
2.95846E-05	730	5.05183E-07	1.30438E-07
2.97116E-05	731	2.55465E-07	6.59608E-08
2.95489E-05	732	3.95423E-07	1.02098E-07
2.94243E-05	733	5.72767E-07	1.47888E-07
2.96428E-05	734	5.1121E-07	1.31994E-07
2.95518E-05	735	4.71272E-07	1.21682E-07
2.9641E-05	736	4.90594E-07	1.26671E-07
2.95679E-05	737	4.76029E-07	1.2291E-07
2.95573E-05	738	3.84703E-07	9.93299E-08
2.95997E-05	739	3.95853E-07	1.02209E-07
2.93968E-05	740	2.89622E-07	7.478E-08
2.96793E-05	741	4.37695E-07	1.13012E-07
2.96304E-05	742	3.41942E-07	8.82891E-08
2.97023E-05	743	4.98877E-07	1.28809E-07
2.9578E-05	744	4.97623E-07	1.28486E-07
2.96102E-05	745	3.68764E-07	9.52144E-08
2.95874E-05	746	4.83172E-07	1.24754E-07
2.97452E-05	747	3.87481E-07	1.00047E-07
2.96072E-05	748	2.96557E-07	7.65707E-08
2.9814E-05	749	5.3931E-07	1.39249E-07
2.98879E-05	750	3.65487E-07	9.43684E-08
2.98301E-05	751	3.46855E-07	8.95575E-08
2.95774E-05	752	5.36538E-07	1.38534E-07
2.9536E-05	753	5.26339E-07	1.359E-07
2.98367E-05	754	4.83526E-07	1.24846E-07
2.96734E-05	755	2.5404E-07	6.55927E-08
2.95053E-05	756	4.502E-07	1.16241E-07
2.9495E-05	757	4.61586E-07	1.19181E-07
2.9712E-05	758	3.62665E-07	9.36396E-08
2.96057E-05	759	5.45627E-07	1.4088E-07
2.95719E-05	760	3.17778E-07	8.205E-08
2.95105E-05	761	3.90029E-07	1.00705E-07
2.96134E-05	762	4.64928E-07	1.20044E-07
2.92548E-05	763	3.72426E-07	9.61599E-08
2.95519E-05	764	4.21081E-07	1.08723E-07
2.94195E-05	765	3.82165E-07	9.86747E-08
2.93687E-05	766	4.93817E-07	1.27503E-07
2.95716E-05	767	4.76384E-07	1.23002E-07
2.94862E-05	768	4.26546E-07	1.10134E-07
2.94972E-05	769	2.99855E-07	7.74222E-08
2.93575E-05	770	4.10374E-07	1.05958E-07
2.96945E-05	771	3.46456E-07	8.94545E-08
2.93714E-05	772	4.83361E-07	1.24803E-07
2.93512E-05	773	3.89134E-07	1.00474E-07
2.97513E-05	774	4.21172E-07	1.08746E-07
2.95468E-05	775	3.06183E-07	7.90562E-08
2.92947E-05	776	4.88959E-07	1.26249E-07
2.9403E-05	777	4.34659E-07	1.12229E-07
2.95352E-05	778	2.70429E-07	6.98244E-08
2.94059E-05	779	3.18822E-07	8.23195E-08
2.95111E-05	780	4.15875E-07	1.07378E-07
2.93735E-05	781	3.57675E-07	9.23513E-08
2.93023E-05	782	3.73564E-07	9.64538E-08
2.95706E-05	783	4.02815E-07	1.04006E-07
2.96609E-05	784	4.00565E-07	1.03426E-07
2.98247E-05	785	4.4614E-07	1.15193E-07
2.94213E-05	786	2.59554E-07	6.70165E-08
2.95129E-05	787	3.32584E-07	8.58729E-08
2.92011E-05	788	3.85698E-07	9.95868E-08
2.94518E-05	789	4.81221E-07	1.24251E-07
2.92893E-05	790	4.32948E-07	1.11787E-07
2.95242E-05	791	5.20069E-07	1.34281E-07
2.94583E-05	792	2.81004E-07	7.25549E-08
2.92538E-05	793	4.30158E-07	1.11066E-07
2.94041E-05	794	3.84668E-07	9.93207E-08
2.93766E-05	795	3.82866E-07	9.88557E-08
2.94798E-05	796	4.52061E-07	1.16722E-07
2.94556E-05	797	4.59145E-07	1.18551E-07
2.93532E-05	798	4.59575E-07	1.18662E-07
2.93999E-05	799	3.86894E-07	9.98955E-08
2.95332E-05	800	3.78933E-07	9.78401E-08
2.96222E-05	801	4.46921E-07	1.15394E-07
2.90879E-05	802	4.50516E-07	1.16323E-07
2.93906E-05	803	3.81332E-07	9.84596E-08
2.93759E-05	804	4.29794E-07	1.10972E-07
2.92354E-05	805	3.11279E-07	8.03719E-08
2.93733E-05	806	5.07153E-07	1.30946E-07
2.94305E-05	807	4.08789E-07	1.05549E-07
2.93592E-05	808	4.49532E-07	1.16069E-07
2.96556E-05	809	2.94024E-07	7.59168E-08
2.93248E-05	810	2.28744E-07	5.90614E-08
2.95305E-05	811	4.28719E-07	1.10695E-07
2.94525E-05	812	4.67369E-07	1.20674E-07
2.95989E-05	813	5.89043E-07	1.5209E-07
2.96007E-05	814	4.23686E-07	1.09395E-07
2.96839E-05	815	4.02725E-07	1.03983E-07
2.96609E-05	816	3.83095E-07	9.89146E-08
2.96695E-05	817	4.64837E-07	1.2002E-07
2.94797E-05	818	4.13997E-07	1.06894E-07
2.94654E-05	819	3.59181E-07	9.27402E-08
2.97798E-05	820	2.57852E-07	6.6577E-08
2.97754E-05	821	3.23459E-07	8.35167E-08
2.99509E-05	822	5.7298E-07	1.47943E-07
3.02279E-05	823	5.07191E-07	1.30956E-07
3.00233E-05	824	4.33225E-07	1.11858E-07
3.00359E-05	825	4.60038E-07	1.18781E-07
3.01773E-05	826	3.08547E-07	7.96665E-08
3.04115E-05	827	3.85134E-07	9.94412E-08
3.03114E-05	828	3.68534E-07	9.5155E-08
3.04825E-05	829	3.94655E-07	1.019E-07
3.04182E-05	830	4.89854E-07	1.2648E-07
3.04712E-05	831	2.62079E-07	6.76684E-08
3.04772E-05	832	3.98268E-07	1.02832E-07
3.05066E-05	833	4.30011E-07	1.11028E-07
3.05906E-05	834	3.54692E-07	9.1581E-08
3.06728E-05	835	3.81086E-07	9.83959E-08
3.07936E-05	836	4.85609E-07	1.25384E-07
3.07232E-05	837	3.51916E-07	9.08644E-08
3.05526E-05	838	3.47138E-07	8.96307E-08
3.0861E-05	839	4.80311E-07	1.24016E-07
3.07714E-05	840	4.30342E-07	1.11114E-07
3.08311E-05	841	4.56463E-07	1.17858E-07
3.08541E-05	842	3.76563E-07	9.72281E-08
3.10594E-05	843	2.8161E-07	7.27114E-08
3.09757E-05	844	4.87679E-07	1.25918E-07
3.11843E-05	845	5.49641E-07	1.41917E-07
3.1338E-05	846	3.8599E-07	9.96622E-08
3.09562E-05	847	4.16251E-07	1.07476E-07
3.13968E-05	848	5.31392E-07	1.37205E-07
3.14405E-05	849	4.24757E-07	1.09672E-07
3.14299E-05	850	3.4531E-07	8.91586E-08
3.14256E-05	851	4.24225E-07	1.09534E-07
3.15194E-05	852	3.54643E-07	9.15683E-08
3.16697E-05	853	3.68719E-07	9.52028E-08
3.17073E-05	854	2.99915E-07	7.74377E-08
3.17447E-05	855	3.69947E-07	9.55199E-08
3.17966E-05	856	3.75713E-07	9.70086E-08
3.19447E-05	857	5.13826E-07	1.32669E-07
3.19707E-05	858	4.43993E-07	1.14639E-07
3.21318E-05	859	4.25047E-07	1.09747E-07
3.23086E-05	860	4.61633E-07	1.19193E-07
3.22528E-05	861	4.32437E-07	1.11655E-07
3.25011E-05	862	6.08049E-07	1.56998E-07
3.25679E-05	863	4.54985E-07	1.17477E-07
3.26994E-05	864	3.12741E-07	8.07495E-08
3.28305E-05	865	5.12153E-07	1.32237E-07
3.25045E-05	866	5.30169E-07	1.36889E-07
3.30078E-05	867	4.61879E-07	1.19257E-07
3.28817E-05	868	4.21829E-07	1.08916E-07
3.35999E-05	869	3.01773E-07	7.79174E-08
3.31382E-05	870	3.7091E-07	9.57686E-08
3.3607E-05	871	4.80956E-07	1.24182E-07
3.36842E-05	872	3.59756E-07	9.28885E-08
3.37391E-05	873	3.65505E-07	9.4373E-08
3.38413E-05	874	3.35395E-07	8.65986E-08
3.38568E-05	875	4.84651E-07	1.25136E-07
3.37712E-05	876	3.82845E-07	9.88502E-08
3.41526E-05	877	4.88689E-07	1.26179E-07
3.40558E-05	878	3.53178E-07	9.11902E-08
3.41328E-05	879	4.18767E-07	1.08125E-07
3.42709E-05	880	3.47237E-07	8.96563E-08
3.46023E-05	881	3.79311E-07	9.79377E-08
3.43753E-05	882	2.94419E-07	7.60187E-08
3.45961E-05	883	4.32897E-07	1.11774E-07
3.46011E-05	884	4.52331E-07	1.16791E-07
3.49109E-05	885	3.72798E-07	9.6256E-08
3.50593E-05	886	5.02171E-07	1.2966E-07
3.47862E-05	887	3.9321E-07	1.01526E-07
3.49634E-05	888	3.96459E-07	1.02365E-07
3.51854E-05	889	4.69883E-07	1.21323E-07
3.54145E-05	890	4.92216E-07	1.2709E-07
3.49431E-05	891	3.82168E-07	9.86753E-08
3.54601E-05	892	3.6955E-07	9.54174E-08
3.54473E-05	893	4.62036E-07	1.19297E-07
3.53983E-05	894	2.57241E-07	6.64193E-08
3.55764E-05	895	4.07548E-07	1.05229E-07
3.55915E-05	896	4.06423E-07	1.04938E-07
3.55623E-05	897	5.18863E-07	1.3397E-07
3.57067E-05	898	3.51309E-07	9.07077E-08
3.60547E-05	899	4.80476E-07	1.24058E-07
3.615E-05	900	2.19576E-07	5.66943E-08
3.59536E-05	901	3.95518E-07	1.02122E-07
3.59321E-05	902	4.31747E-07	1.11477E-07
3.62855E-05	903	3.75378E-07	9.69223E-08
3.62453E-05	904	3.45879E-07	8.93056E-08
3.60057E-05	905	3.65825E-07	9.44557E-08
3.63006E-05	906	3.71734E-07	9.59812E-08
3.65356E-05	907	4.50243E-07	1.16252E-07
3.64274E-05	908	4.14467E-07	1.07015E-07
3.6696E-05	909	4.53424E-07	1.17073E-07
3.70024E-05	910	5.35124E-07	1.38169E-07
3.68826E-05	911	4.54947E-07	1.17467E-07
3.69614E-05	912	3.47707E-07	8.97775E-08
3.69969E-05	913	4.77887E-07	1.2339E-07
3.72176E-05	914	4.79295E-07	1.23753E-07
3.72108E-05	915	5.01431E-07	1.29469E-07
3.75759E-05	916	4.27391E-07	1.10352E-07
3.74471E-05	917	4.67656E-07	1.20748E-07
3.76553E-05	918	3.1798E-07	8.21021E-08
3.78369E-05	919	4.58678E-07	1.1843E-07
3.77348E-05	920	4.76226E-07	1.22961E-07
3.77699E-05	921	4.14905E-07	1.07128E-07
3.77805E-05	922	4.65331E-07	1.20148E-07
3.8181E-05	923	4.85911E-07	1.25462E-07
3.81621E-05	924	3.38129E-07	8.73044E-08
3.81654E-05	925	4.89861E-07	1.26482E-07
3.80749E-05	926	5.4623E-07	1.41036E-07
3.82303E-05	927	4.95776E-07	1.28009E-07
3.85248E-05	928	3.42229E-07	8.83632E-08
3.85942E-05	929	2.8691E-07	7.40798E-08
3.87191E-05	930	4.72478E-07	1.21993E-07
3.84369E-05	931	4.13931E-07	1.06877E-07
3.86276E-05	932	5.6151E-07	1.44981E-07
3.89199E-05	933	4.43833E-07	1.14597E-07
3.86744E-05	934	4.24664E-07	1.09648E-07
3.8716E-05	935	4.1897E-07	1.08178E-07
3.88138E-05	936	4.99319E-07	1.28924E-07
3.91421E-05	937	3.6328E-07	9.37986E-08
3.93116E-05	938	3.51873E-07	9.08531E-08
3.91487E-05	939	5.62036E-07	1.45117E-07
3.90168E-05	940	3.89163E-07	1.00481E-07
3.91508E-05	941	5.47835E-07	1.4145E-07
3.90332E-05	942	4.87997E-07	1.26E-07
3.90338E-05	943	4.80235E-07	1.23996E-07
3.92687E-05	944	3.60905E-07	9.31852E-08
3.92469E-05	945	3.39814E-07	8.77396E-08
3.92089E-05	946	3.97188E-07	1.02553E-07
3.94287E-05	947	3.63178E-07	9.37721E-08
3.93106E-05	948	3.8733E-07	1.00008E-07
3.95179E-05	949	3.56116E-07	9.19486E-08
3.92419E-05	950	5.82182E-07	1.50319E-07
3.9419E-05	951	5.20355E-07	1.34355E-07
3.95962E-05	952	3.99762E-07	1.03218E-07
3.93176E-05	953	3.49528E-07	9.02476E-08
3.95738E-05	954	5.0455E-07	1.30274E-07
3.93831E-05	955	3.93275E-07	1.01543E-07
3.96233E-05	956	4.11558E-07	1.06264E-07
3.9534E-05	957	3.72822E-07	9.62623E-08
3.95634E-05	958	5.73783E-07	1.4815E-07
3.96543E-05	959	2.6478E-07	6.83659E-08
3.97924E-05	960	2.41426E-07	6.23359E-08
3.98332E-05	961	3.88073E-07	1.002E-07
3.97866E-05	962	3.20378E-07	8.27214E-08
3.96994E-05	963	3.92857E-07	1.01435E-07
3.96527E-05	964	3.26496E-07	8.43009E-08
3.95851E-05	965	2.93141E-07	7.56887E-08
3.94788E-05	966	3.63568E-07	9.38729E-08
3.98772E-05	967	4.24588E-07	1.09628E-07
3.99046E-05	968	3.86195E-07	9.97152E-08
3.98684E-05	969	3.21625E-07	8.30432E-08
3.99621E-05	970	3.74393E-07	9.66678E-08
3.98488E-05	971	5.23289E-07	1.35113E-07
3.98829E-05	972	5.36649E-07	1.38562E-07
4.00574E-05	973	3.35493E-07	8.66239E-08
3.99093E-05	974	4.83458E-07	1.24828E-07
4.01612E-05	975	3.68393E-07	9.51187E-08
3.98699E-05	976	3.80927E-07	9.8355E-08
3.96521E-05	977	4.77745E-07	1.23353E-07
3.98381E-05	978	3.07172E-07	7.93115E-08
3.99342E-05	979	4.79521E-07	1.23812E-07
3.98269E-05	980	5.31741E-07	1.37295E-07
3.99206E-05	981	4.47071E-07	1.15433E-07
3.98017E-05	982	3.95801E-07	1.02195E-07
3.97072E-05	983	4.69667E-07	1.21267E-07
3.98179E-05	984	3.43783E-07	8.87643E-08
3.94666E-05	985	4.22185E-07	1.09008E-07
3.97514E-05	986	3.39379E-07	8.76273E-08
3.96502E-05	987	6.09331E-07	1.57329E-07
3.9507E-05	988	3.90109E-07	1.00726E-07
3.96646E-05	989	4.80679E-07	1.24111E-07
3.94875E-05	990	3.51011E-07	9.06306E-08
3.93307E-05	991	3.78101E-07	9.76254E-08
3.93376E-05	992	4.25644E-07	1.09901E-07
3.8939E-05	993	4.92228E-07	1.27093E-07
3.91526E-05	994	3.48647E-07	9.00201E-08
3.88793E-05	995	4.50262E-07	1.16257E-07
3.90382E-05	996	3.90147E-07	1.00736E-07
3.85762E-05	997	4.14825E-07	1.07107E-07
3.86799E-05	998	5.76119E-07	1.48753E-07
3.85178E-05	999	5.79379E-07	1.49595E-07
3.83614E-05	1000	4.55666E-07	1.17653E-07
3.81638E-05	1001	4.81664E-07	1.24365E-07
3.79685E-05	1002	4.09441E-07	1.05717E-07
3.80543E-05	1003	3.95397E-07	1.02091E-07
3.78473E-05	1004	4.81074E-07	1.24213E-07
3.73799E-05	1005	3.96926E-07	1.02486E-07
3.75602E-05	1006	3.67639E-07	9.4924E-08
3.74628E-05	1007	4.50596E-07	1.16343E-07
3.70559E-05	1008	3.16801E-07	8.17976E-08
3.67254E-05	1009	4.16488E-07	1.07537E-07
3.68859E-05	1010	4.86049E-07	1.25497E-07
3.68667E-05	1011	4.03516E-07	1.04187E-07
3.63527E-05	1012	3.54347E-07	9.14921E-08
3.63641E-05	1013	4.77239E-07	1.23222E-07
3.62953E-05	1014	3.979E-07	1.02737E-07
3.59051E-05	1015	5.4311E-07	1.4023E-07
3.57295E-05	1016	4.20864E-07	1.08667E-07
3.52907E-05	1017	2.13523E-07	5.51314E-08
3.52859E-05	1018	3.45573E-07	8.92267E-08
3.51854E-05	1019	4.93162E-07	1.27334E-07
3.48425E-05	1020	4.3495E-07	1.12304E-07
3.47817E-05	1021	4.11317E-07	1.06202E-07
3.41375E-05	1022	2.86865E-07	7.40682E-08
3.42314E-05	1023	3.51796E-07	9.08334E-08
3.38378E-05	1024	4.8578E-07	1.25428E-07
3.36034E-05	1025	3.96535E-07	1.02385E-07
3.31951E-05	1026	3.39479E-07	8.76531E-08
3.29613E-05	1027	3.04994E-07	7.87492E-08
3.28625E-05	1028	3.231E-07	8.34239E-08
3.24377E-05	1029	5.13634E-07	1.3262E-07
3.22817E-05	1030	5.14383E-07	1.32813E-07
3.19982E-05	1031	4.28416E-07	1.10617E-07
3.1831E-05	1032	3.0434E-07	7.85802E-08
3.15378E-05	1033	5.2334E-07	1.35126E-07
3.14314E-05	1034	4.21973E-07	1.08953E-07
3.10354E-05	1035	3.49141E-07	9.01479E-08
3.08485E-05	1036	4.34219E-07	1.12115E-07
3.05591E-05	1037	4.78231E-07	1.23479E-07
3.02672E-05	1038	5.04461E-07	1.30251E-07
2.98451E-05	1039	4.73326E-07	1.22212E-07
2.99925E-05	1040	3.59718E-07	9.28788E-08
2.94504E-05	1041	4.45085E-07	1.1492E-07
2.94486E-05	1042	4.94263E-07	1.27618E-07
2.88584E-05	1043	4.21497E-07	1.0883E-07
2.86465E-05	1044	6.09531E-07	1.5738E-07
2.84404E-05	1045	4.54557E-07	1.17366E-07
2.80442E-05	1046	3.95975E-07	1.0224E-07
2.79614E-05	1047	4.0439E-07	1.04413E-07
2.78875E-05	1048	4.25776E-07	1.09935E-07
2.73823E-05	1049	2.11156E-07	5.45202E-08
2.70069E-05	1050	4.08851E-07	1.05565E-07
2.69169E-05	1051	4.33197E-07	1.11851E-07
2.64455E-05	1052	5.57558E-07	1.43961E-07
2.6161E-05	1053	4.63535E-07	1.19684E-07
2.59713E-05	1054	4.25742E-07	1.09926E-07
2.55937E-05	1055	3.34268E-07	8.63077E-08
2.55531E-05	1056	3.20633E-07	8.27871E-08
2.55525E-05	1057	3.23226E-07	8.34567E-08
2.50342E-05	1058	3.81756E-07	9.85691E-08
2.50814E-05	1059	4.43432E-07	1.14494E-07
2.47867E-05	1060	5.71238E-07	1.47493E-07
2.4606E-05	1061	3.87076E-07	9.99426E-08
2.43821E-05	1062	3.99623E-07	1.03182E-07
2.41101E-05	1063	4.65482E-07	1.20187E-07
2.40151E-05	1064	3.28402E-07	8.4793E-08
2.38671E-05	1065	3.18442E-07	8.22213E-08
2.38672E-05	1066	3.78001E-07	9.75996E-08
2.3605E-05	1067	4.90571E-07	1.26665E-07
2.34002E-05	1068	5.17945E-07	1.33733E-07
2.31052E-05	1069	5.61492E-07	1.44977E-07
2.31276E-05	1070	3.34126E-07	8.62711E-08
2.29083E-05	1071	3.98966E-07	1.03013E-07
2.2632E-05	1072	6.04416E-07	1.56059E-07
2.2482E-05	1073	4.90667E-07	1.2669E-07
2.26186E-05	1074	2.84471E-07	7.345E-08
2.23865E-05	1075	2.37327E-07	6.12776E-08
2.19089E-05	1076	4.56513E-07	1.17871E-07
2.17596E-05	1077	3.63957E-07	9.39734E-08
2.18902E-05	1078	4.14668E-07	1.07067E-07
2.14066E-05	1079	4.42141E-07	1.1416E-07
2.17568E-05	1080	3.21017E-07	8.28862E-08
2.16438E-05	1081	3.96865E-07	1.0247E-07
2.09743E-05	1082	4.18377E-07	1.08025E-07
2.12621E-05	1083	5.48524E-07	1.41628E-07
2.10012E-05	1084	4.24189E-07	1.09525E-07
2.10944E-05	1085	3.39812E-07	8.77391E-08
2.07569E-05	1086	4.6687E-07	1.20545E-07
2.05317E-05	1087	4.2077E-07	1.08642E-07
2.06247E-05	1088	3.09214E-07	7.98387E-08
2.05137E-05	1089	3.62757E-07	9.36636E-08